&seed
xyz = 0.57735026918962584,-0.57735026918962584,0.57735026918962584,0.57735026918962584,-0.57735026918962584,-0.57735026918962584,0.57735026918962584,0.57735026918962584,-0.57735026918962584,0.57735026918962584,0.57735026918962584,0.57735026918962584,-0.57735026918962584,0.57735026918962584,-0.57735026918962584,-0.57735026918962584,0.57735026918962584,0.57735026918962584,-0.57735026918962584,-0.57735026918962584,-0.57735026918962584,-0.57735026918962584,-0.57735026918962584,0.57735026918962584,1.00000000000000000,0.00000000000000000,0.00000000000000000,0.00000000000000000,1.00000000000000000,0.00000000000000000,-1.00000000000000000,0.00000000000000000,0.00000000000000000,0.00000000000000000,-1.00000000000000000,0.00000000000000000,0.00000000000000000,0.00000000000000000,1.00000000000000000,0.00000000000000000,0.00000000000000000,-1.00000000000000000
origs = 0,1,2,3,2,4,5,4,6,7,6,0
dests = 1,2,3,0,4,5,3,6,7,5,1,7
lefts = 0,0,0,0,1,1,1,2,2,2,3,3
rights = 3,6,1,4,5,2,4,5,3,4,5,4
faceverts = 0,1,2,3,3,2,4,5,5,4,6,7,7,6,1,0,7,0,3,5,1,6,4,2
faceedges = 0,1,2,3,2,4,5,6,5,7,8,9,8,10,0,11,11,3,6,9,10,7,4,1
facecenters = 8,9,10,11,12,13
/
