&seed
xyz = 0.00000000000000000,0.00000000000000000,1.00000000000000000,0.72360679774997894,0.52573111211913359,0.44721359549995793,-0.27639320225002101,0.85065080835203988,0.44721359549995793,-0.89442719099991586,0.00000000000000000,0.44721359549995793,-0.27639320225002101,-0.85065080835203988,0.44721359549995793,0.72360679774997894,-0.52573111211913359,0.44721359549995793,0.89442719099991586,0.00000000000000000,-0.44721359549995793,0.27639320225002101,0.85065080835203988,-0.44721359549995793,-0.72360679774997894,0.52573111211913359,-0.44721359549995793,-0.72360679774997894,-0.52573111211913359,-0.44721359549995793,0.27639320225002101,-0.85065080835203988,-0.44721359549995793,0.00000000000000000,0.00000000000000000,-1.00000000000000000,0.18759247408507992,0.57735026918962584,0.79465447229176622,-0.49112347318842298,0.35682208977308993,0.79465447229176611,-0.49112347318842298,-0.35682208977308993,0.79465447229176611,0.18759247408507992,-0.57735026918962584,0.79465447229176622,0.60706199820668627,0.00000000000000000,0.79465447229176622,0.79465447229176611,0.57735026918962573,-0.18759247408507990,0.30353099910334314,0.93417235896271567,0.18759247408507992,-0.30353099910334314,0.93417235896271567,-0.18759247408507992,-0.79465447229176611,0.57735026918962573,0.18759247408507990,-0.98224694637684595,0.00000000000000000,-0.18759247408507990,-0.79465447229176611,-0.57735026918962573,0.18759247408507990,-0.30353099910334314,-0.93417235896271567,-0.18759247408507992,0.30353099910334314,-0.93417235896271567,0.18759247408507992,0.79465447229176611,-0.57735026918962573,-0.18759247408507990,0.98224694637684595,0.00000000000000000,0.18759247408507990,0.49112347318842298,0.35682208977308993,-0.79465447229176611,-0.18759247408507992,0.57735026918962584,-0.79465447229176622,-0.60706199820668627,0.00000000000000000,-0.79465447229176622,-0.18759247408507992,-0.57735026918962584,-0.79465447229176622,0.49112347318842298,-0.35682208977308993,-0.79465447229176611
origs = 0,1,2,2,0,3,4,4,5,5,1,6,7,7,7,8,8,8,3,9,9,10,10,10,6,11,11,8,11,10
dests = 1,2,0,3,3,4,0,5,0,1,6,7,1,2,8,2,3,9,9,4,10,4,5,6,5,6,7,11,9,11
lefts = 0,0,0,1,2,2,2,3,3,4,5,5,5,6,7,7,8,9,10,10,11,11,12,13,13,19,15,17,17,19
rights = 4,6,1,8,1,10,3,12,4,14,14,15,6,7,16,8,9,17,9,11,18,12,13,19,14,15,16,16,18,18
faceverts = 0,1,2,0,2,3,0,3,4,0,4,5,0,5,1,1,6,7,7,2,1,2,7,8,8,3,2,3,8,9,9,4,3,4,9,10,10,5,4,5,10,6,6,1,5,11,7,6,11,8,7,11,9,8,11,10,9,11,6,10
faceedges = 0,1,2,2,3,4,4,5,6,6,7,8,8,9,0,10,11,12,13,1,12,13,14,15,16,3,15,16,17,18,19,5,18,19,20,21,22,7,21,22,23,24,10,9,24,26,11,25,27,14,26,28,17,27,29,20,28,25,23,29
facecenters = 12,13,14,15,16,17,18,19,20,21,22,23,24,25,26,27,28,29,30,31
/
