&seed
xyz = -1.00000000000000000,1.00000000000000000,0.00000000000000000,-1.00000000000000000,0.00000000000000000,0.00000000000000000,-1.00000000000000000,-1.00000000000000000,0.00000000000000000,0.00000000000000000,-1.00000000000000000,0.00000000000000000,1.00000000000000000,-1.00000000000000000,0.00000000000000000,1.00000000000000000,0.00000000000000000,0.00000000000000000,1.00000000000000000,1.00000000000000000,0.00000000000000000,0.00000000000000000,1.00000000000000000,0.00000000000000000,0.00000000000000000,0.00000000000000000,0.00000000000000000,-0.50000000000000000,0.50000000000000000,0.00000000000000000,-0.50000000000000000,-0.50000000000000000,0.00000000000000000,0.50000000000000000,-0.50000000000000000,0.00000000000000000,0.50000000000000000,0.50000000000000000,0.00000000000000000
origs = 0,1,2,3,4,5,6,7,1,8,3,8
dests = 1,2,3,4,5,6,7,0,8,5,8,7
lefts = 0,1,1,2,2,3,3,0,0,3,1,0
rights = -1,-1,-1,-1,-1,-1,-1,-1,1,2,2,3
faceverts = 0,1,8,7,1,2,3,8,8,3,4,5,7,8,5,6
faceedges = 0,8,11,7,1,2,10,8,10,3,4,9,11,9,5,6
facecenters = 9,10,11,12
/
